1 2 5
2 5 3 1
3 8 32 5 10 2
4 39 157 158 10 12
5 8 3 14 2 16 1
6 7 8 14 9
7 9 33 32 6 14 34
8 9 3 32 5 6
9 6 8 7 32
10 35 3 32 4 158 11 12
11 57 10 35 12
12 39 51 4 155 58 57 158 10 11
13 
14 17 16 5 7 19 6 34 21 20 18
15 17 16 20 18
16 5 14 15 18
17 20 19 14 18 15
18 17 14 16 15
19 17 14
20 24 17 14 21 15 22
21 27 14 20 28
22 20
23 24
24 27 25 23 20
25 27 24 26
26 27 25 30 29
27 24 28 26 21 25 29
28 27 34 29 21
29 154 30 28 26 27
30 31 26 29 154
31 30 126 154
32 35 8 9 33 3 80 7 10
33 35 32 7 36 34 37
34 7 33 14 28
35 33 32 57 10 36 11
36 59 35 33 61 38 58 57 37 60
37 33 36 38
38 61 62 36 37
39 50 51 157 4 155 40 52 12
40 50 41 39 156 157
41 156 157 40 42
42 43 41 156 157 55
43 44 42
44 43 72 46 55 45 74
45 75 46 44 76 74
46 75 44 47 104 45
47 46 48 76
48 49 47 76
49 48 114 76
50 39 53 156 40 52 54
51 59 39 58 60 155 12
52 50 65 39 53 155
53 50 52 54 65
54 65 50 53 156 66 55 71
55 156 42 44 71 54 72 56
56 80 55 71 69 72 73
57 35 58 36 11 12
58 59 51 57 36 60 12
59 60 51 36 58
60 59 65 51 58 36 61
61 65 63 38 36 60 62
62 115 66 63 38 61
63 65 66 64 61 62
64 65 66 63
65 53 60 66 155 63 64 61 52 54
66 65 68 63 71 67 64 62 70 54
67 68 120 66 69
68 66 70 69 67
69 68 80 79 71 67 70 56
70 68 69 66 71
71 66 55 69 70 54 56
72 44 55 56 73 74
73 80 74 76 84 72 56
74 72 44 76 45 73
75 46 45 76
76 86 48 77 75 111 47 84 110 49 45 73 74
77 86 110 76
78 88 82 124 83 125
79 80 82 124 120 69 123
80 82 79 32 87 81 69 84 83 73 56
81 80 83 82
82 80 79 124 81 78 83
83 88 80 82 85 81 78 84
84 80 85 76 83 73
85 88 86 83 84
86 77 87 85 89 76 110
87 86 80 89 110 112 90
88 83 78 89 85
89 88 86 87 125 90
90 87 89 136 134 125 106
91 92
92 93 91 94
93 94 96 92 99 95 100
94 93 95 92
95 93 96 94
96 101 97 93 95 100
97 96 98 101
98 97
99 93 103 104 100
100 103 101 96 93 99 102
101 96 102 97 100
102 103 100 101
103 99 102 104 100
104 46 103 105 99
105 157 104
106 112 107 134 109 90 113
107 106 108 109 114
108 139 107 109 135
109 107 108 135 134 106
110 86 77 87 114 111 76 112
111 159 110 76
112 87 114 110 106 113
113 106 112 114
114 112 107 159 110 49 113
115 116 119 120 127 122 129 62 117 128 118
116 115 117 120
117 115 116 120 118
118 115 120 117 122
119 115 122
120 115 123 79 116 67 117 118 121
121 120 122 123
122 115 123 137 119 118 121
123 79 137 124 120 122 125 121
124 82 79 78 125 123
125 137 124 89 78 136 90 123
126 128 31
127 115 128
128 115 126 132 127 130 129
129 115 131 130 132 128
130 129 131 128 132
131 152 151 129 130 132
132 152 131 130 129 128 133
133 132 152
134 135 109 136 106 90
135 137 108 109 139 136 134 138
136 137 135 134 125 90
137 139 122 135 125 136 123
138 139 135
139 141 137 108 140 135 138
140 141 139
141 143 140 144 160 139 142
142 145 143 141 144
143 145 141 144 142
144 147 143 141 146 151 148 145 142
145 143 144 142
146 147 144
147 148 144 146
148 147 149 144
149 151 150 148
150 149 151
151 152 131 150 144 149 153
152 133 131 132 151
153 151
154 30 29 31
155 65 39 51 52 12
156 50 41 42 55 40 54
157 41 39 105 4 42 40
158 10 4 12
159 111 114
160 141
