1 2 5
2 1 3 5
3 2 8 10 31 5
4 157 10 12 38 156
5 1 2 8 3 13 15
6 8 9 7 13
7 9 6 31 32 33 13
8 9 6 5 3 31
9 8 6 7 31
10 3 31 34 11 157 12 4
11 10 12 56 34
12 157 4 38 57 56 11 10 154 50
13 18 20 19 33 7 6 5 15 17 16
14 15 17 16 19
15 13 17 14 5
16 17 14 19 18 13
17 14 15 16 13
18 16 13
19 21 20 23 16 14 13
20 26 19 27 13
21 19
22 23
23 22 19 26 24
24 26 25 23
25 24 26 28 29
26 24 20 27 25 28 23
27 20 26 28 33
28 27 26 25 29 153
29 25 28 153 30
30 29 153 125
31 9 8 3 10 34 32 7 79
32 31 7 33 34 35 36
33 32 7 13 27
34 31 10 11 35 32 56
35 56 57 58 59 60 37 36 34 32
36 35 32 37
37 36 35 60 61
38 4 156 39 49 50 51 12 154
39 38 49 155 40 156
40 156 41 155 39
41 40 156 155 42 54
42 43 41
43 44 42 71 73 45 54
44 43 45 73 75 74
45 103 46 43 44 74
46 47 75 45
47 48 46 75
48 75 113 47
49 39 155 52 53 38 51
50 154 57 58 59 12 38
51 49 52 64 38 154
52 51 53 49 64
53 52 155 54 70 65 64 49
54 55 53 155 41 71 43 70
55 54 71 72 79 70 68
56 11 12 57 35 34
57 56 35 12 59 58 50
58 57 59 50 35
59 58 50 60 35 57 64
60 37 35 59 64 61 62
61 60 62 65 114 37
62 60 64 61 63 65
63 64 65 62
64 52 51 53 65 63 62 60 59 154
65 53 64 63 62 61 66 67 69 70
66 119 68 67 65
67 65 69 68 66
68 78 66 67 69 55 70 79
69 70 68 67 65
70 53 54 55 68 69 65
71 43 54 55 72 73
72 73 71 55 79 83 75
73 44 43 71 72 75
74 45 44 75
75 48 47 46 74 73 72 83 85 76 110 44 109
76 109 75 85
77 81 123 124 87 82
78 68 122 123 81 79 119
79 55 68 78 81 80 82 83 31 72 86
80 79 81 82
81 78 79 80 82 77 123
82 83 79 80 81 77 87 84
83 72 75 84 82 79
84 85 82 83 87
85 84 76 75 86 88 109
86 109 85 88 79 111 89
87 82 88 84 77
88 124 89 86 85 87
89 88 86 105 133 135 124
90 91
91 93 92 90
92 93 91 98 99 95 94
93 94 92 91
94 95 93 92
95 100 99 96 94 92
96 97 100 95
97 96
98 99 92 103 102
99 100 95 92 98 102 101
100 96 95 99 101
101 100 99 102
102 101 99 98 103
103 45 102 98 104
104 103 156
105 112 111 89 133 108 106
106 113 105 108 107
107 106 108 134 138
108 106 105 133 134 107
109 110 75 76 85 86 111 113
110 158 75 109
111 113 109 86 105 112
112 113 111 105
113 48 158 109 111 112 106
114 61 115 116 118 117 119 121 126 127 128
115 114 116 119
116 115 114 117 119
117 119 121 114 116
118 121 114
119 114 115 116 117 120 122 78 66
120 119 121 122
121 122 120 117 118 114 136
122 78 123 124 119 120 121 136
123 77 81 78 122 124
124 89 88 77 123 122 136 135
125 127 30
126 127 114
127 126 125 128 129 131 114
128 114 129 131 130 127
129 128 130 131 127
130 129 131 150 151 128
131 127 129 128 132 130 151
132 151 131
133 105 89 135 134 108
134 133 135 136 138 137 107 108
135 89 124 136 134 133
136 124 122 121 138 134 135
137 134 138
138 136 137 134 107 139 140
139 138 140
140 139 159 141 143 142 138
141 140 143 144 142
142 141 140 144 143
143 144 142 140 141 145 146 147 150
144 142 141 143
145 143 146
146 145 143 147
147 148 146 143
148 147 150 149
149 148 150
150 152 151 149 148 130 143
151 150 132 131 130
152 150
153 29 30 28
154 38 51 64 50 12
155 41 40 39 49 53 54
156 104 40 39 38 4 41
157 10 12 4
158 113 110
159 140
