1 2 5

2 1 3 5

3 2 8 10 32 5

4 158 10 12 39 157

5 1 2 8 3 14 16

6 8 9 7

7 9 6 32 33 34

8 9 6 5 3 32

9 8 6 7 32

10 3 32 35 11 158 12 4

11 10 12 57 35

12 158 4 39 58 57 11 10 155 51

13

14 19 21 20 34 7 6 5 16 18 17

15 16 18 17 20

16 14 18 15 5

17 18 15 20 19 14

18 15 16 17 14

19 17 14 

20 22 21 24 17 15

21 27 20 28

22 20

23 24

24 23 20 27 25

25 27 26

26 25 27 29 30

27 25 21 28 26 29 24

28 21 27 29 34

29 28 27 26 30 154

30 26 29 154 31

31 30 154 126

32 9 8 3 10 35 33

33 32 7 34 35 36 37

34 33 7 14

35 32 10 11 36 33 57

36 57 58 59 60 61 38 37 35 33

37 36 33 38

38 37 36 61 62

39 4 157 40 50 51 52

40 39 50 156 41 157

41 157 42 156 40

42 41 157 156 43 55

43 44 42

44 45 43 72 74 46

45 44 46 74 76 75

46 104 47 44 45 75

47 48 76 46

48 49 47

49 76 114 48

50 40 156 53 54 39

51 155 58 59 60 12

52 50 53 65

53 52 54 50 65

54 53 156 55 71 66 65

55 56 54 156 42 72 44

56 55 72 73 80 71 69

57 11 12 58 36

58 57 36 12 60 59 51

59 58 60 51 36

60 59 51 61 36

61 38 36 60 65 62 63

62 61 63 66 115 38

63 61 65 62 64 66

64 65 66 63

65 53 52 54 66 64 63 61 60 155

66 54 65 64 63 62 67 68 70 71

67 120 69 68 66

68 66 70 69 67

69 79 67 68 70 56 71

70 71 69 68 66

71 54 55 56 69 70 66

72 44 55 56 73 74

73 74 72 56 80 84 76

74 45 44 72 73 76

75 46 45 76

76 49 48 47 75 74 73 84 86 77 111

77 110 76 86

78 82 124 125 88 83

79 69 123 124 82 80 120

80 56 69 79 82 81 83 84 32

81 80 82 83

82 79 80 81 83 78 124

83 84 80 81 82 78 88 85

84 73 76 85 83 80

85 86 83 84 88

86 85 77 76 87 89

87 110 86 89 80 112

88 83 89 85 78

89 125 90 87 86 88

90 89 87 106 134 136 125

91 92

92 94 93

93 94 92 99 100 96 95

94 95 93 92

95 96 94 93

96 101 100 97 95 93

97 98 101 96

98 97

99 100 93 104 103

100 101 96 93 99 103 102

101 97 96 100 102

102 101 100 103

103 102 100 99 104

104 46 103 99

105 104 157

106 113 112 90 134 109 107

107 114 106 109 108

108 107 109 135 139

109 107 106 134 135 108

110 111 76 77 86 87 112 114

111 159 76 110

112 114 110 87 106 113

113 114 112 106

114 49 159 110 112 113 107

115 62 116 117 119 118 120 122 127 128 129

116 115 117 120

117 116 115 118 120

118 120 122 115 117

119 122 115

120 115 116 117 118 121 123 79 67

121 120 122 123

122 123 121 118 119 115 137

123 79 124 125 120 121 122 137

124 78 82 79 123 125

125 90 89 78 124 123 137 136

126 128 31

127 128

128 127 126 129 130 132 115

129 115 130 132 131

130 129 131 132

131 130 132 151 152

132 128 130 129 133 131 152

133 152 132

134 106 90 136 135 109

135 134 136 137 139 138 108 109

136 90 125 137 135 134

137 125 123 122 139

138 135 139

139 137 138 135 108 140 141

140 139 141

141 140 160 142

142 141 144 145 143

143 142 141 145 144

144 145 143 141 142 146 147 148 151

145 143 142 144

146 144 147

147 146 144 148

148 149 147 144

149 148 151 150

150 149 151

151 153 152 150 149 131

152 151 133 132 131

153 151

154 30 31

155 39 52 65 51 12

156 42 41 40 50 54 55

157 105 41 40 39 4

158 10 12 4

159 114 111

160 141


















