Normal
166558
166476
166403
166326
166315
166134
166209
166053
166126
166465
166583
165979
166257
166313
166433
166585
166422
166614
166144
166324
166570
166172
166637
166039
166114
166240
166246
166536
166158
165958
166241
166107
165947
166160
166226
166336
166414
166214
166378
166337
165975
166597
166473
166632
165988
165944
165908
166260
165939
166081

Otimizado
166305
166339
166766
166321
166803
166506
166393
166483
166431
166151
166095
166590
166590
166318
166388
166597
166186
166574
166809
166604
166663
166385
166435
166295
166579
166953
166795
166085
166468
166641
166281
166622
166280
166725
166420
166510
166694
166523
166580
166690
166320
166422
166456
166385
166425
166524
166252
166117
166856
166475
