0 1 4
1 0 2 4
2 1 7 9 30 4
3 156 9 11 37 155
4 0 1 7 2 12 14
5 7 8 6 12
6 8 5 30 31 32 12
7 8 5 4 2 30
8 7 5 6 30
9 2 30 33 10 156 11 3
10 9 11 55 33
11 156 3 37 56 55 10 9 153 49
12 17 19 18 32 6 5 4 14 16 15
13 14 16 15 18
14 12 16 13 4
15 16 13 18 17 12
16 13 14 15 12
17 15 12
18 20 19 22 15 13 12
19 25 18 26 12
20 18
21 22
22 21 18 25 23
23 25 24 22
24 23 25 27 28
25 23 19 26 24 27 22
26 19 25 27 32
27 26 25 24 28 152
28 24 27 152 29
29 28 152 124
30 8 7 2 9 33 31 6 78
31 30 6 32 33 34 35
32 31 6 12 26
33 30 9 10 34 31 55
34 55 56 57 58 59 36 35 33 31
35 34 31 36
36 35 34 59 60
37 3 155 38 48 49 50 11 153
38 37 48 154 39 155
39 155 40 154 38
40 39 155 154 41 53
41 42 40
42 43 41 70 72 44 53
43 42 44 72 74 73
44 102 45 42 43 73
45 46 74 44
46 47 45 74
47 74 112 46
48 38 154 51 52 37 50
49 153 56 57 58 11 37
50 48 51 63 37 153
51 50 52 48 63
52 51 154 53 69 64 63 48
53 54 52 154 40 70 42 69
54 53 70 71 78 69 67
55 10 11 56 34 33
56 55 34 11 58 57 49
57 56 58 49 34
58 57 49 59 34 56 63
59 36 34 58 63 60 61
60 59 61 64 113 36
61 59 63 60 62 64
62 63 64 61
63 51 50 52 64 62 61 59 58 153
64 52 63 62 61 60 65 66 68 69
65 118 67 66 64
66 64 68 67 65
67 77 65 66 68 54 69 78
68 69 67 66 64
69 52 53 54 67 68 64
70 42 53 54 71 72
71 72 70 54 78 82 74
72 43 42 70 71 74
73 44 43 74
74 47 46 45 73 72 71 82 84 75 109 43 108
75 108 74 84
76 80 122 123 86 81
77 67 121 122 80 78 118
78 54 67 77 80 79 81 82 30 71 85
79 78 80 81
80 77 78 79 81 76 122
81 82 78 79 80 76 86 83
82 71 74 83 81 78
83 84 81 82 86
84 83 75 74 85 87 108
85 108 84 87 78 110 88
86 81 87 83 76
87 123 88 85 84 86
88 87 85 104 132 134 123
89 90
90 92 91 89
91 92 90 97 98 94 93
92 93 91 90
93 94 92 91
94 99 98 95 93 91
95 96 99 94
96 95
97 98 91 102 101
98 99 94 91 97 101 100
99 95 94 98 100
100 99 98 101
101 100 98 97 102
102 44 101 97 103
103 102 155
104 111 110 88 132 107 105
105 112 104 107 106
106 105 107 133 137
107 105 104 132 133 106
108 109 74 75 84 85 110 112
109 157 74 108
110 112 108 85 104 111
111 112 110 104
112 47 157 108 110 111 105
113 60 114 115 117 116 118 120 125 126 127
114 113 115 118
115 114 113 116 118
116 118 120 113 115
117 120 113
118 113 114 115 116 119 121 77 65
119 118 120 121
120 121 119 116 117 113 135
121 77 122 123 118 119 120 135
122 76 80 77 121 123
123 88 87 76 122 121 135 134
124 126 29
125 126 113
126 125 124 127 128 130 113
127 113 128 130 129 126
128 127 129 130 126
129 128 130 149 150 127
130 126 128 127 131 129 150
131 150 130
132 104 88 134 133 107
133 132 134 135 137 136 106 107
134 88 123 135 133 132
135 123 121 120 137 133 134
136 133 137
137 135 136 133 106 138 139
138 137 139
139 138 158 140 142 141 137
140 139 142 143 141
141 140 139 143 142
142 143 141 139 140 144 145 146 149
143 141 140 142
144 142 145
145 144 142 146
146 147 145 142
147 146 149 148
148 147 149
149 151 150 148 147 129 142
150 149 131 130 129
151 149
152 28 29 27
153 37 50 63 49 11
154 40 39 38 48 52 53
155 103 39 38 37 3 40
156 9 11 3
157 112 109
158 139
