159 748
2749 13108 12330 20477 41142 12556 43764 5466 17189 26510 17835 25081 40926 50043 9661 45554 24057 7178 82890 13285 7061 14799 146392 42743 46044 21198 18009 16003 12797 10980 8662 163805 9343 25256 86018 39365 38671 36160 18711 40792 57514 78678 47816 59222 45202 23923 41820 25226 15734 9276 7972 15610 45698 26659 22676 8343 8766 12653 10895 42172 37487 49828 24646 42415 45540 8756 15021 43378 11356 27250 18274 24964 25465 8622 96382 29245 10156 31185 16141 6113 34456 50106 15167 17246 44188 21989 34040 43707 48061 3528 2016 11013 11756 5948 4877 12512 19437 32213 24848 29567 6476 23856 22971 1556 47144 55652 26212 29310 32423 27347 14049 28442 97350 157326 24172 17715 36515 31189 70511 34709 102126 37856 64147 32279 818 38415 135924 1970 27250 14039 82240 167 10842 13184 1365 13062 24430 180123 64228 243125 105515 41458 328370 30600 64649 77007 94626 217333 56575 110049 3577 9488 69356 37839 69143 129770 15482 9202 15167
0 0 0 0 0 0 0 0 0 0 0 0 0 0 0 0 0 0 0 0 0 0 0 0 0 0 0 0 0 0 0 0 0 0 0 0 0 0 0 0 0 0 0 0 0 0 0 0 0 0 0 0 0 0 0 0 0 0 0 0 0 0 0 0 0 0 0 0 0 0 0 0 0 0 0 0 0 0 0 0 0 0 0 0 0 0 0 0 0 0 0 0 0 0 0 0 0 0 0 0 0 0 0 0 0 0 0 0 0 0 0 0 0 0 0 0 0 0 0 0 0 0 0 0 0 0 0 0 0 0 0 0 0 0 0 0 0 0 0 0 0 0 0 0 0 0 0 0 0 0 0 0 0 0 0 0 0 0 0
0 0 0 0 0 0 0 0 0 0 0 0 0 0 0 0 0 0 0 0 0 0 0 0 0 0 0 0 0 0 0 0 0 0 0 0 0 0 0 0 0 0 0 0 0 0 0 0 0 0 0 0 0 0 0 0 0 0 0 0 0 0 0 0 0 0 0 0 0 0 0 0 0 0 0 0 0 0 0 0 0 0 0 0 0 0 0 0 0 0 0 0 0 0 0 0 0 0 0 0 0 0 0 0 0 0 0 0 0 0 0 0 0 0 0 0 0 0 0 0 0 0 0 0 0 0 0 0 0 0 0 0 0 0 0 0 0 0 0 0 0 0 0 0 0 0 0 0 0 0 0 0 0 0 0 0 0 0 0
0 1 0.3333333333333333
0 4 0.3333333333333333
1 0 0.25
1 2 0.25
1 4 0.25
2 1 0.16666666666666666
2 7 0.16666666666666666
2 9 0.16666666666666666
2 30 0.16666666666666666
2 4 0.16666666666666666
3 156 0.16666666666666666
3 9 0.16666666666666666
3 11 0.16666666666666666
3 37 0.16666666666666666
3 155 0.16666666666666666
4 0 0.14285714285714285
4 1 0.14285714285714285
4 7 0.14285714285714285
4 2 0.14285714285714285
4 12 0.14285714285714285
4 14 0.14285714285714285
5 7 0.2
5 8 0.2
5 6 0.2
5 12 0.2
6 8 0.14285714285714285
6 5 0.14285714285714285
6 30 0.14285714285714285
6 31 0.14285714285714285
6 32 0.14285714285714285
6 12 0.14285714285714285
7 8 0.16666666666666666
7 5 0.16666666666666666
7 4 0.16666666666666666
7 2 0.16666666666666666
7 30 0.16666666666666666
8 7 0.2
8 5 0.2
8 6 0.2
8 30 0.2
9 2 0.125
9 30 0.125
9 33 0.125
9 10 0.125
9 156 0.125
9 11 0.125
9 3 0.125
10 9 0.2
10 11 0.2
10 55 0.2
10 33 0.2
11 156 0.1
11 3 0.1
11 37 0.1
11 56 0.1
11 55 0.1
11 10 0.1
11 9 0.1
11 153 0.1
11 49 0.1
12 17 0.09090909090909091
12 19 0.09090909090909091
12 18 0.09090909090909091
12 32 0.09090909090909091
12 6 0.09090909090909091
12 5 0.09090909090909091
12 4 0.09090909090909091
12 14 0.09090909090909091
12 16 0.09090909090909091
12 15 0.09090909090909091
13 14 0.2
13 16 0.2
13 15 0.2
13 18 0.2
14 12 0.2
14 16 0.2
14 13 0.2
14 4 0.2
15 16 0.16666666666666666
15 13 0.16666666666666666
15 18 0.16666666666666666
15 17 0.16666666666666666
15 12 0.16666666666666666
16 13 0.2
16 14 0.2
16 15 0.2
16 12 0.2
17 15 0.3333333333333333
17 12 0.3333333333333333
18 20 0.14285714285714285
18 19 0.14285714285714285
18 22 0.14285714285714285
18 15 0.14285714285714285
18 13 0.14285714285714285
18 12 0.14285714285714285
19 25 0.2
19 18 0.2
19 26 0.2
19 12 0.2
20 18 0.5
21 22 0.5
22 21 0.2
22 18 0.2
22 25 0.2
22 23 0.2
23 25 0.25
23 24 0.25
23 22 0.25
24 23 0.2
24 25 0.2
24 27 0.2
24 28 0.2
25 23 0.14285714285714285
25 19 0.14285714285714285
25 26 0.14285714285714285
25 24 0.14285714285714285
25 27 0.14285714285714285
25 22 0.14285714285714285
26 19 0.2
26 25 0.2
26 27 0.2
26 32 0.2
27 26 0.16666666666666666
27 25 0.16666666666666666
27 24 0.16666666666666666
27 28 0.16666666666666666
27 152 0.16666666666666666
28 24 0.2
28 27 0.2
28 152 0.2
28 29 0.2
29 28 0.25
29 152 0.25
29 124 0.25
30 8 0.1111111111111111
30 7 0.1111111111111111
30 2 0.1111111111111111
30 9 0.1111111111111111
30 33 0.1111111111111111
30 31 0.1111111111111111
30 6 0.1111111111111111
30 78 0.1111111111111111
31 30 0.14285714285714285
31 6 0.14285714285714285
31 32 0.14285714285714285
31 33 0.14285714285714285
31 34 0.14285714285714285
31 35 0.14285714285714285
32 31 0.2
32 6 0.2
32 12 0.2
32 26 0.2
33 30 0.14285714285714285
33 9 0.14285714285714285
33 10 0.14285714285714285
33 34 0.14285714285714285
33 31 0.14285714285714285
33 55 0.14285714285714285
34 55 0.1
34 56 0.1
34 57 0.1
34 58 0.1
34 59 0.1
34 36 0.1
34 35 0.1
34 33 0.1
34 31 0.1
35 34 0.25
35 31 0.25
35 36 0.25
36 35 0.2
36 34 0.2
36 59 0.2
36 60 0.2
37 3 0.1111111111111111
37 155 0.1111111111111111
37 38 0.1111111111111111
37 48 0.1111111111111111
37 49 0.1111111111111111
37 50 0.1111111111111111
37 11 0.1111111111111111
37 153 0.1111111111111111
38 37 0.16666666666666666
38 48 0.16666666666666666
38 154 0.16666666666666666
38 39 0.16666666666666666
38 155 0.16666666666666666
39 155 0.2
39 40 0.2
39 154 0.2
39 38 0.2
40 39 0.16666666666666666
40 155 0.16666666666666666
40 154 0.16666666666666666
40 41 0.16666666666666666
40 53 0.16666666666666666
41 42 0.3333333333333333
41 40 0.3333333333333333
42 43 0.14285714285714285
42 41 0.14285714285714285
42 70 0.14285714285714285
42 72 0.14285714285714285
42 44 0.14285714285714285
42 53 0.14285714285714285
43 42 0.16666666666666666
43 44 0.16666666666666666
43 72 0.16666666666666666
43 74 0.16666666666666666
43 73 0.16666666666666666
44 102 0.16666666666666666
44 45 0.16666666666666666
44 42 0.16666666666666666
44 43 0.16666666666666666
44 73 0.16666666666666666
45 46 0.25
45 74 0.25
45 44 0.25
46 47 0.25
46 45 0.25
46 74 0.25
47 74 0.25
47 112 0.25
47 46 0.25
48 38 0.14285714285714285
48 154 0.14285714285714285
48 51 0.14285714285714285
48 52 0.14285714285714285
48 37 0.14285714285714285
48 50 0.14285714285714285
49 153 0.14285714285714285
49 56 0.14285714285714285
49 57 0.14285714285714285
49 58 0.14285714285714285
49 11 0.14285714285714285
49 37 0.14285714285714285
50 48 0.16666666666666666
50 51 0.16666666666666666
50 63 0.16666666666666666
50 37 0.16666666666666666
50 153 0.16666666666666666
51 50 0.2
51 52 0.2
51 48 0.2
51 63 0.2
52 51 0.125
52 154 0.125
52 53 0.125
52 69 0.125
52 64 0.125
52 63 0.125
52 48 0.125
53 54 0.125
53 52 0.125
53 154 0.125
53 40 0.125
53 70 0.125
53 42 0.125
53 69 0.125
54 53 0.14285714285714285
54 70 0.14285714285714285
54 71 0.14285714285714285
54 78 0.14285714285714285
54 69 0.14285714285714285
54 67 0.14285714285714285
55 10 0.16666666666666666
55 11 0.16666666666666666
55 56 0.16666666666666666
55 34 0.16666666666666666
55 33 0.16666666666666666
56 55 0.14285714285714285
56 34 0.14285714285714285
56 11 0.14285714285714285
56 58 0.14285714285714285
56 57 0.14285714285714285
56 49 0.14285714285714285
57 56 0.2
57 58 0.2
57 49 0.2
57 34 0.2
58 57 0.14285714285714285
58 49 0.14285714285714285
58 59 0.14285714285714285
58 34 0.14285714285714285
58 56 0.14285714285714285
58 63 0.14285714285714285
59 36 0.14285714285714285
59 34 0.14285714285714285
59 58 0.14285714285714285
59 63 0.14285714285714285
59 60 0.14285714285714285
59 61 0.14285714285714285
60 59 0.16666666666666666
60 61 0.16666666666666666
60 64 0.16666666666666666
60 113 0.16666666666666666
60 36 0.16666666666666666
61 59 0.16666666666666666
61 63 0.16666666666666666
61 60 0.16666666666666666
61 62 0.16666666666666666
61 64 0.16666666666666666
62 63 0.25
62 64 0.25
62 61 0.25
63 51 0.1
63 50 0.1
63 52 0.1
63 64 0.1
63 62 0.1
63 61 0.1
63 59 0.1
63 58 0.1
63 153 0.1
64 52 0.1
64 63 0.1
64 62 0.1
64 61 0.1
64 60 0.1
64 65 0.1
64 66 0.1
64 68 0.1
64 69 0.1
65 118 0.2
65 67 0.2
65 66 0.2
65 64 0.2
66 64 0.2
66 68 0.2
66 67 0.2
66 65 0.2
67 77 0.125
67 65 0.125
67 66 0.125
67 68 0.125
67 54 0.125
67 69 0.125
67 78 0.125
68 69 0.2
68 67 0.2
68 66 0.2
68 64 0.2
69 52 0.14285714285714285
69 53 0.14285714285714285
69 54 0.14285714285714285
69 67 0.14285714285714285
69 68 0.14285714285714285
69 64 0.14285714285714285
70 42 0.16666666666666666
70 53 0.16666666666666666
70 54 0.16666666666666666
70 71 0.16666666666666666
70 72 0.16666666666666666
71 72 0.14285714285714285
71 70 0.14285714285714285
71 54 0.14285714285714285
71 78 0.14285714285714285
71 82 0.14285714285714285
71 74 0.14285714285714285
72 43 0.16666666666666666
72 42 0.16666666666666666
72 70 0.16666666666666666
72 71 0.16666666666666666
72 74 0.16666666666666666
73 44 0.25
73 43 0.25
73 74 0.25
74 47 0.07692307692307693
74 46 0.07692307692307693
74 45 0.07692307692307693
74 73 0.07692307692307693
74 72 0.07692307692307693
74 71 0.07692307692307693
74 82 0.07692307692307693
74 84 0.07692307692307693
74 75 0.07692307692307693
74 109 0.07692307692307693
74 43 0.07692307692307693
74 108 0.07692307692307693
75 108 0.25
75 74 0.25
75 84 0.25
76 80 0.16666666666666666
76 122 0.16666666666666666
76 123 0.16666666666666666
76 86 0.16666666666666666
76 81 0.16666666666666666
77 67 0.14285714285714285
77 121 0.14285714285714285
77 122 0.14285714285714285
77 80 0.14285714285714285
77 78 0.14285714285714285
77 118 0.14285714285714285
78 54 0.09090909090909091
78 67 0.09090909090909091
78 77 0.09090909090909091
78 80 0.09090909090909091
78 79 0.09090909090909091
78 81 0.09090909090909091
78 82 0.09090909090909091
78 30 0.09090909090909091
78 71 0.09090909090909091
78 85 0.09090909090909091
79 78 0.25
79 80 0.25
79 81 0.25
80 77 0.14285714285714285
80 78 0.14285714285714285
80 79 0.14285714285714285
80 81 0.14285714285714285
80 76 0.14285714285714285
80 122 0.14285714285714285
81 82 0.125
81 78 0.125
81 79 0.125
81 80 0.125
81 76 0.125
81 86 0.125
81 83 0.125
82 71 0.16666666666666666
82 74 0.16666666666666666
82 83 0.16666666666666666
82 81 0.16666666666666666
82 78 0.16666666666666666
83 84 0.2
83 81 0.2
83 82 0.2
83 86 0.2
84 83 0.14285714285714285
84 75 0.14285714285714285
84 74 0.14285714285714285
84 85 0.14285714285714285
84 87 0.14285714285714285
84 108 0.14285714285714285
85 108 0.14285714285714285
85 84 0.14285714285714285
85 87 0.14285714285714285
85 78 0.14285714285714285
85 110 0.14285714285714285
85 88 0.14285714285714285
86 81 0.2
86 87 0.2
86 83 0.2
86 76 0.2
87 123 0.16666666666666666
87 88 0.16666666666666666
87 85 0.16666666666666666
87 84 0.16666666666666666
87 86 0.16666666666666666
88 87 0.14285714285714285
88 85 0.14285714285714285
88 104 0.14285714285714285
88 132 0.14285714285714285
88 134 0.14285714285714285
88 123 0.14285714285714285
89 90 0.5
90 92 0.25
90 91 0.25
90 89 0.25
91 92 0.14285714285714285
91 90 0.14285714285714285
91 97 0.14285714285714285
91 98 0.14285714285714285
91 94 0.14285714285714285
91 93 0.14285714285714285
92 93 0.25
92 91 0.25
92 90 0.25
93 94 0.25
93 92 0.25
93 91 0.25
94 99 0.16666666666666666
94 98 0.16666666666666666
94 95 0.16666666666666666
94 93 0.16666666666666666
94 91 0.16666666666666666
95 96 0.25
95 99 0.25
95 94 0.25
96 95 0.5
97 98 0.2
97 91 0.2
97 102 0.2
97 101 0.2
98 99 0.14285714285714285
98 94 0.14285714285714285
98 91 0.14285714285714285
98 97 0.14285714285714285
98 101 0.14285714285714285
98 100 0.14285714285714285
99 95 0.2
99 94 0.2
99 98 0.2
99 100 0.2
100 99 0.25
100 98 0.25
100 101 0.25
101 100 0.2
101 98 0.2
101 97 0.2
101 102 0.2
102 44 0.2
102 101 0.2
102 97 0.2
102 103 0.2
103 102 0.3333333333333333
103 155 0.3333333333333333
104 111 0.14285714285714285
104 110 0.14285714285714285
104 88 0.14285714285714285
104 132 0.14285714285714285
104 107 0.14285714285714285
104 105 0.14285714285714285
105 112 0.2
105 104 0.2
105 107 0.2
105 106 0.2
106 105 0.2
106 107 0.2
106 133 0.2
106 137 0.2
107 105 0.16666666666666666
107 104 0.16666666666666666
107 132 0.16666666666666666
107 133 0.16666666666666666
107 106 0.16666666666666666
108 109 0.125
108 74 0.125
108 75 0.125
108 84 0.125
108 85 0.125
108 110 0.125
108 112 0.125
109 157 0.25
109 74 0.25
109 108 0.25
110 112 0.16666666666666666
110 108 0.16666666666666666
110 85 0.16666666666666666
110 104 0.16666666666666666
110 111 0.16666666666666666
111 112 0.25
111 110 0.25
111 104 0.25
112 47 0.14285714285714285
112 157 0.14285714285714285
112 108 0.14285714285714285
112 110 0.14285714285714285
112 111 0.14285714285714285
112 105 0.14285714285714285
113 60 0.09090909090909091
113 114 0.09090909090909091
113 115 0.09090909090909091
113 117 0.09090909090909091
113 116 0.09090909090909091
113 118 0.09090909090909091
113 120 0.09090909090909091
113 125 0.09090909090909091
113 126 0.09090909090909091
113 127 0.09090909090909091
114 113 0.25
114 115 0.25
114 118 0.25
115 114 0.2
115 113 0.2
115 116 0.2
115 118 0.2
116 118 0.2
116 120 0.2
116 113 0.2
116 115 0.2
117 120 0.3333333333333333
117 113 0.3333333333333333
118 113 0.1111111111111111
118 114 0.1111111111111111
118 115 0.1111111111111111
118 116 0.1111111111111111
118 119 0.1111111111111111
118 121 0.1111111111111111
118 77 0.1111111111111111
118 65 0.1111111111111111
119 118 0.25
119 120 0.25
119 121 0.25
120 121 0.14285714285714285
120 119 0.14285714285714285
120 116 0.14285714285714285
120 117 0.14285714285714285
120 113 0.14285714285714285
120 135 0.14285714285714285
121 77 0.125
121 122 0.125
121 123 0.125
121 118 0.125
121 119 0.125
121 120 0.125
121 135 0.125
122 76 0.16666666666666666
122 80 0.16666666666666666
122 77 0.16666666666666666
122 121 0.16666666666666666
122 123 0.16666666666666666
123 88 0.125
123 87 0.125
123 76 0.125
123 122 0.125
123 121 0.125
123 135 0.125
123 134 0.125
124 126 0.3333333333333333
124 29 0.3333333333333333
125 126 0.3333333333333333
125 113 0.3333333333333333
126 125 0.14285714285714285
126 124 0.14285714285714285
126 127 0.14285714285714285
126 128 0.14285714285714285
126 130 0.14285714285714285
126 113 0.14285714285714285
127 113 0.16666666666666666
127 128 0.16666666666666666
127 130 0.16666666666666666
127 129 0.16666666666666666
127 126 0.16666666666666666
128 127 0.2
128 129 0.2
128 130 0.2
128 126 0.2
129 128 0.16666666666666666
129 130 0.16666666666666666
129 149 0.16666666666666666
129 150 0.16666666666666666
129 127 0.16666666666666666
130 126 0.14285714285714285
130 128 0.14285714285714285
130 127 0.14285714285714285
130 131 0.14285714285714285
130 129 0.14285714285714285
130 150 0.14285714285714285
131 150 0.3333333333333333
131 130 0.3333333333333333
132 104 0.16666666666666666
132 88 0.16666666666666666
132 134 0.16666666666666666
132 133 0.16666666666666666
132 107 0.16666666666666666
133 132 0.125
133 134 0.125
133 135 0.125
133 137 0.125
133 136 0.125
133 106 0.125
133 107 0.125
134 88 0.16666666666666666
134 123 0.16666666666666666
134 135 0.16666666666666666
134 133 0.16666666666666666
134 132 0.16666666666666666
135 123 0.14285714285714285
135 121 0.14285714285714285
135 120 0.14285714285714285
135 137 0.14285714285714285
135 133 0.14285714285714285
135 134 0.14285714285714285
136 133 0.3333333333333333
136 137 0.3333333333333333
137 135 0.14285714285714285
137 136 0.14285714285714285
137 133 0.14285714285714285
137 106 0.14285714285714285
137 138 0.14285714285714285
137 139 0.14285714285714285
138 137 0.3333333333333333
138 139 0.3333333333333333
139 138 0.14285714285714285
139 158 0.14285714285714285
139 140 0.14285714285714285
139 142 0.14285714285714285
139 141 0.14285714285714285
139 137 0.14285714285714285
140 139 0.2
140 142 0.2
140 143 0.2
140 141 0.2
141 140 0.2
141 139 0.2
141 143 0.2
141 142 0.2
142 143 0.1111111111111111
142 141 0.1111111111111111
142 139 0.1111111111111111
142 140 0.1111111111111111
142 144 0.1111111111111111
142 145 0.1111111111111111
142 146 0.1111111111111111
142 149 0.1111111111111111
143 141 0.25
143 140 0.25
143 142 0.25
144 142 0.3333333333333333
144 145 0.3333333333333333
145 144 0.25
145 142 0.25
145 146 0.25
146 147 0.25
146 145 0.25
146 142 0.25
147 146 0.25
147 149 0.25
147 148 0.25
148 147 0.3333333333333333
148 149 0.3333333333333333
149 151 0.14285714285714285
149 150 0.14285714285714285
149 148 0.14285714285714285
149 147 0.14285714285714285
149 129 0.14285714285714285
149 142 0.14285714285714285
150 149 0.2
150 131 0.2
150 130 0.2
150 129 0.2
151 149 0.5
152 28 0.25
152 29 0.25
152 27 0.25
153 37 0.16666666666666666
153 50 0.16666666666666666
153 63 0.16666666666666666
153 49 0.16666666666666666
153 11 0.16666666666666666
154 40 0.14285714285714285
154 39 0.14285714285714285
154 38 0.14285714285714285
154 48 0.14285714285714285
154 52 0.14285714285714285
154 53 0.14285714285714285
155 103 0.14285714285714285
155 39 0.14285714285714285
155 38 0.14285714285714285
155 37 0.14285714285714285
155 3 0.14285714285714285
155 40 0.14285714285714285
156 9 0.25
156 11 0.25
156 3 0.25
157 112 0.3333333333333333
157 109 0.3333333333333333
158 139 0.5
